Nom prixforf altmin altmax pistes kmfond remontee
LesAillons 76 900 2000 45 50 22
LesArcs 160 800 3226 117 30 69
Arèches 85 750 2300 30 47 15
Aussois 71 500 2750 21 10 11
Bessans 54 1710 2200 4 80 4 
Bonneval 79 1850 3000 16 0 10
LeCorbier 88 1550 1850 36 25 24
Courchevel 140 1100 2707 100 66 67
Crest-Voland 82 1230 1650 26 7 17
Flumet 42 1000 1600 0 12 40
LesKarellis 84 1600 2550 28 30 17
LesMenuires 140 1400 3200 61 28 45
Méribel 140 1100 2950 74 33 60
LaNorma 93 1350 2750 25 6 18
Bellecombe 86 1150 2070 32 8 18
LaPlagne 159 1250 3250 123 73 110
Pralognan 87 1410 2355 22 25 14
LaRosière 122 1150 2640 32 12 19
LesSaisies 95 1150 1941 26 80 24
StFrancois 96 1450 2550 28 50 17
StMartin 140 1450 3200 61 28 48
StSorlin 81 1500 2600 26 16 13
LaTania 140 900 1900 100 8 67
Tignes 160 1550 3450 129 52 96
LaToussuire 98 1800 2400 27 12 19
ValCenis 74 1400 2800 38 6 22
Valfréjus 78 1550 2737 20 2 12
ValdIsère 160 1850 2560 70 24 51
Valloire 107 1430 2600 80 20 34
Valmeinier 107 1450 2600 75 15 33
Valmorel 123 1250 2550 56 20 36
ValThorens 103 1800 3200 54 5 30



